2021-0722-2126-42.jpg 180 1150 791 1152 998 1718 996 1716 784 7934.8
2021-0722-2127-51.jpg 180 1150 791 1152 998 1718 996 1716 784 7934.9
2021-0722-2250-01.jpg 180 1150 791 1152 998 1718 996 1716 784 7935.2
2021-0722-2300-01.jpg 180 1150 791 1152 998 1718 996 1716 784 7935.?
2021-0722-2310-01.jpg 180 1150 791 1152 998 1718 996 1716 784 7935.?
2021-0722-2320-02.jpg 180 1150 791 1152 998 1718 996 1716 784 7935.?
2021-0722-2330-01.jpg 180 1150 791 1152 998 1718 996 1716 784 7935.4
2021-0722-2340-01.jpg 180 1150 791 1152 998 1718 996 1716 784 7935.5
2021-0722-2350-01.jpg 180 1150 791 1152 998 1718 996 1716 784 7935.?
2021-0723-0000-01.jpg 180 1150 791 1152 998 1718 996 1716 784 7935.6
2021-0723-0010-01.jpg 180 1150 791 1152 998 1718 996 1716 784 7935.?
2021-0723-0020-01.jpg 180 1150 791 1152 998 1718 996 1716 784 7935.7
2021-0723-0030-01.jpg 180 1150 791 1152 998 1718 996 1716 784 7935.?
2021-0723-0040-02.jpg 180 1150 791 1152 998 1718 996 1716 784 7935.8
2021-0723-0050-01.jpg 180 1150 791 1152 998 1718 996 1716 784 7935.?
2021-0723-0100-01.jpg 180 1150 791 1152 998 1718 996 1716 784 7935.9
2021-0723-0110-01.jpg 180 1150 791 1152 998 1718 996 1716 784 793?.?
2021-0723-0120-01.jpg 180 1150 791 1152 998 1718 996 1716 784 7936.0
2021-0723-0130-01.jpg 180 1150 791 1152 998 1718 996 1716 784 7936.?
2021-0723-0140-01.jpg 180 1150 791 1152 998 1718 996 1716 784 7936.1
2021-0723-0150-01.jpg 180 1150 791 1152 998 1718 996 1716 784 7936.?
2021-0723-0200-02.jpg 180 1150 791 1152 998 1718 996 1716 784 7936.2
2021-0723-0210-01.jpg 180 1150 791 1152 998 1718 996 1716 784 7936.?
2021-0723-0220-01.jpg 180 1150 791 1152 998 1718 996 1716 784 7936.3
2021-0723-0230-01.jpg 180 1150 791 1152 998 1718 996 1716 784 7936.?
2021-0723-0240-01.jpg 180 1150 791 1152 998 1718 996 1716 784 7936.4
2021-0723-0250-01.jpg 180 1150 791 1152 998 1718 996 1716 784 7936.?
2021-0723-0300-01.jpg 180 1150 791 1152 998 1718 996 1716 784 7936.?
2021-0723-0310-01.jpg 180 1150 791 1152 998 1718 996 1716 784 7936.?
2021-0723-0320-01.jpg 180 1150 791 1152 998 1718 996 1716 784 7936.?
2021-0723-0330-01.jpg 180 1150 791 1152 998 1718 996 1716 784 7936.?
2021-0723-0340-01.jpg 180 1150 791 1152 998 1718 996 1716 784 7936.?
2021-0723-0350-01.jpg 180 1150 791 1152 998 1718 996 1716 784 7936.?
2021-0723-0400-01.jpg 180 1150 791 1152 998 1718 996 1716 784 7936.?
2021-0723-0410-01.jpg 180 1150 791 1152 998 1718 996 1716 784 7936.?
2021-0723-0420-02.jpg 180 1150 791 1152 998 1718 996 1716 784 793?.?
2021-0723-0430-02.jpg 180 1150 791 1152 998 1718 996 1716 784 7937.0
2021-0723-0440-01.jpg 180 1150 791 1152 998 1718 996 1716 784 7937.1
2021-0723-0450-01.jpg 180 1150 791 1152 998 1718 996 1716 784 7937.?
2021-0723-0500-01.jpg 180 1150 791 1152 998 1718 996 1716 784 7937.?
2021-0723-0510-01.jpg 180 1150 791 1152 998 1718 996 1716 784 7937.3
2021-0723-0520-01.jpg 180 1150 791 1152 998 1718 996 1716 784 7937.?
2021-0723-0530-01.jpg 180 1150 791 1152 998 1718 996 1716 784 7937.?
2021-0723-0540-02.jpg 180 1150 791 1152 998 1718 996 1716 784 7937.?
2021-0723-0550-01.jpg 180 1150 791 1152 998 1718 996 1716 784 7937.6
2021-0723-0600-01.jpg 180 1150 791 1152 998 1718 996 1716 784 7937.7
2021-0723-0610-01.jpg 180 1150 791 1152 998 1718 996 1716 784 7937.?
2021-0723-0620-01.jpg 180 1150 791 1152 998 1718 996 1716 784 793?.?
2021-0723-0630-01.jpg 180 1150 791 1152 998 1718 996 1716 784 7938.?
2021-0723-0640-01.jpg 180 1150 791 1152 998 1718 996 1716 784 7938.?
2021-0723-0650-01.jpg 180 1150 791 1152 998 1718 996 1716 784 7938.?
2021-0723-0700-01.jpg 180 1150 791 1152 998 1718 996 1716 784 7938.?
2021-0723-0710-01.jpg 180 1150 791 1152 998 1718 996 1716 784 7938.?
2021-0723-0720-01.jpg 180 1150 791 1152 998 1718 996 1716 784 7938.?
2021-0723-0730-01.jpg 180 1150 791 1152 998 1718 996 1716 784 7938.?
2021-0723-0740-02.jpg 180 1150 791 1152 998 1718 996 1716 784 7938.6
2021-0723-0750-01.jpg 180 1150 791 1152 998 1718 996 1716 784 7938.?
2021-0723-0800-01.jpg 180 1150 791 1152 998 1718 996 1716 784 7938.?
2021-0723-0810-01.jpg 180 1150 791 1152 998 1718 996 1716 784 793?.?
2021-0723-0820-01.jpg 180 1150 791 1152 998 1718 996 1716 784 7939.?
2021-0723-0830-01.jpg 180 1150 791 1152 998 1718 996 1716 784 7939.?
2021-0723-0840-02.jpg 180 1150 791 1152 998 1718 996 1716 784 7939.2
2021-0723-0850-01.jpg 180 1150 791 1152 998 1718 996 1716 784 7939.3
2021-0723-0900-01.jpg 180 1150 791 1152 998 1718 996 1716 784 7939.?
2021-0723-0910-01.jpg 180 1150 791 1152 998 1718 996 1716 784 7939.4
2021-0723-0920-01.jpg 180 1150 791 1152 998 1718 996 1716 784 7939.?
2021-0723-0930-01.jpg 180 1150 791 1152 998 1718 996 1716 784 7939.?
2021-0723-0940-01.jpg 180 1150 791 1152 998 1718 996 1716 784 ????.?
2021-0723-0950-01.jpg 180 1150 791 1152 998 1718 996 1716 784 ????.?
2021-0723-1000-01.jpg 180 1150 791 1152 998 1718 996 1716 784 ????.?
2021-0723-1010-01.jpg 180 1150 791 1152 998 1718 996 1716 784 ????.?
2021-0723-1020-02.jpg 180 1150 791 1152 998 1718 996 1716 784 ????.?
2021-0723-1030-01.jpg 180 1150 791 1152 998 1718 996 1716 784 ????.?
2021-0723-1040-01.jpg 180 1150 791 1152 998 1718 996 1716 784 ????.?
2021-0723-1050-01.jpg 180 1150 791 1152 998 1718 996 1716 784 ????.?
2021-0723-1100-01.jpg 180 1150 791 1152 998 1718 996 1716 784 ????.?
2021-0723-1110-01.jpg 180 1150 791 1152 998 1718 996 1716 784 ????.?
2021-0925-1310-01.png 180 1118 795 1113 1017 1709 1030 1714 805 ????.?
2021-0925-1320-01.png 180 1118 795 1113 1017 1709 1030 1714 805 8564.2
2021-0925-1330-01.png 180 1118 795 1113 1017 1709 1030 1714 805 8564.?
2021-0925-1340-01.png 180 1118 795 1113 1017 1709 1030 1714 805 ????.?
2021-0925-1350-01.png 180 1118 795 1113 1017 1709 1030 1714 805 ????.?
2021-0925-1400-02.png 180 1118 795 1113 1017 1709 1030 1714 805 ????.?
2021-0925-1410-01.png 180 1118 795 1113 1017 1709 1030 1714 805 ????.?
2021-0925-1420-01.png 180 1118 795 1113 1017 1709 1030 1714 805 ????.?
2021-0925-1430-01.png 180 1118 795 1113 1017 1709 1030 1714 805 8564.?
2021-0925-1440-01.png 180 1118 795 1113 1017 1709 1030 1714 805 ????.?
2021-0925-1450-01.png 180 1118 795 1113 1017 1709 1030 1714 805 ????.?
2021-0925-1500-01.png 180 1118 795 1113 1017 1709 1030 1714 805 ????.?
2021-0925-1510-02.png 180 1118 795 1113 1017 1709 1030 1714 805 ????.?
2021-0925-1520-01.png 180 1118 795 1113 1017 1709 1030 1714 805 8565.?
2021-0925-1530-01.png 180 1118 795 1113 1017 1709 1030 1714 805 ????.?
2021-0925-1540-01.png 180 1118 795 1113 1017 1709 1030 1714 805 8565.?
2021-0925-1550-01.png 180 1118 795 1113 1017 1709 1030 1714 805 8565.3
2021-0925-1600-01.png 180 1118 795 1113 1017 1709 1030 1714 805 ????.?
2021-0925-1610-01.png 180 1118 795 1113 1017 1709 1030 1714 805 ????.?
2021-0925-1620-02.png 180 1118 795 1113 1017 1709 1030 1714 805 ????.?
2021-0925-1630-01.png 180 1118 795 1113 1017 1709 1030 1714 805 ????.?
2021-0925-1640-01.png 180 1118 795 1113 1017 1709 1030 1714 805 8565.6
2021-0925-1650-01.png 180 1118 795 1113 1017 1709 1030 1714 805 ????.?
2021-0925-1700-01.png 180 1118 795 1113 1017 1709 1030 1714 805 8565.7
2021-0925-1710-01.png 180 1118 795 1113 1017 1709 1030 1714 805 8565.?
2021-0925-1720-01.png 180 1118 795 1113 1017 1709 1030 1714 805 8565.8
2021-0925-1730-01.png 180 1118 795 1113 1017 1709 1030 1714 805 8565.?
2021-0925-1740-02.png 180 1118 795 1113 1017 1709 1030 1714 805 856?.?
2021-0925-1750-02.png 180 1118 795 1113 1017 1709 1030 1714 805 8566.0
2021-0925-1800-01.png 180 1118 795 1113 1017 1709 1030 1714 805 ????.?
2021-0925-1810-01.png 180 1118 795 1113 1017 1709 1030 1714 805 ????.?
2021-0925-1820-01.png 180 1118 795 1113 1017 1709 1030 1714 805 ????.?
2021-0925-1830-01.png 180 1118 795 1113 1017 1709 1030 1714 805 ????.?
2021-0925-1840-01.png 180 1118 795 1113 1017 1709 1030 1714 805 ????.?
2021-0925-1850-01.png 180 1118 795 1113 1017 1709 1030 1714 805 ????.?
2021-0925-1900-02.png 180 1118 795 1113 1017 1709 1030 1714 805 ????.?
2021-0925-1910-01.png 180 1118 795 1113 1017 1709 1030 1714 805 ????.?
2021-0925-1920-01.png 180 1118 795 1113 1017 1709 1030 1714 805 ????.?
2021-0925-1930-01.png 180 1118 795 1113 1017 1709 1030 1714 805 ????.?
2021-0925-1940-01.png 180 1118 795 1113 1017 1709 1030 1714 805 ????.?
2021-0925-1950-01.png 180 1118 795 1113 1017 1709 1030 1714 805 ????.?
2021-0925-2000-01.png 180 1118 795 1113 1017 1709 1030 1714 805 ????.?
2021-0925-2010-02.png 180 1118 795 1113 1017 1709 1030 1714 805 ????.?
2021-0925-2020-01.png 180 1118 795 1113 1017 1709 1030 1714 805 ????.?
2021-0925-2030-01.png 180 1118 795 1113 1017 1709 1030 1714 805 ????.?
2021-0925-2040-01.png 180 1118 795 1113 1017 1709 1030 1714 805 856?.?
2021-0925-2050-01.png 180 1118 795 1113 1017 1709 1030 1714 805 ????.?
2021-0925-2100-01.png 180 1118 795 1113 1017 1709 1030 1714 805 ????.?
2021-0925-2110-01.png 180 1118 795 1113 1017 1709 1030 1714 805 ????.?
2021-0925-2120-01.png 180 1118 795 1113 1017 1709 1030 1714 805 ????.?
2021-0925-2130-01.png 180 1118 795 1113 1017 1709 1030 1714 805 ????.?
2021-0925-2140-01.png 180 1118 795 1113 1017 1709 1030 1714 805 ????.?
2021-0925-2150-01.png 180 1118 795 1113 1017 1709 1030 1714 805 8567.2
2021-0925-2200-01.png 180 1118 795 1113 1017 1709 1030 1714 805 8567.?
2021-0925-2210-01.png 180 1118 795 1113 1017 1709 1030 1714 805 8567.?
2021-0925-2220-01.png 180 1118 795 1113 1017 1709 1030 1714 805 8567.3
2021-0925-2230-02.png 180 1118 795 1113 1017 1709 1030 1714 805 8567.?
2021-0925-2240-01.png 180 1118 795 1113 1017 1709 1030 1714 805 8567.?
2021-0925-2250-01.png 180 1118 795 1113 1017 1709 1030 1714 805 8567.?
2021-0925-2300-01.png 180 1118 795 1113 1017 1709 1030 1714 805 8567.?
2021-0925-2310-01.png 180 1118 795 1113 1017 1709 1030 1714 805 8567.5
2021-0925-2320-01.png 180 1118 795 1113 1017 1709 1030 1714 805 8567.?
2021-0925-2330-01.png 180 1118 795 1113 1017 1709 1030 1714 805 8567.6
2021-0925-2340-02.png 180 1118 795 1113 1017 1709 1030 1714 805 8567.6
2021-0925-2350-02.png 180 1118 795 1113 1017 1709 1030 1714 805 8567.7
2021-0926-0000-01.png 180 1118 795 1113 1017 1709 1030 1714 805 8567.7
2021-0926-0010-01.png 180 1118 795 1113 1017 1709 1030 1714 805 8567.?
2021-0926-0020-01.png 180 1118 795 1113 1017 1709 1030 1714 805 8567.8
2021-0926-0030-01.png 180 1118 795 1113 1017 1709 1030 1714 805 8567.?
2021-0926-0040-01.png 180 1118 795 1113 1017 1709 1030 1714 805 8567.?
2021-0926-0050-01.png 180 1118 795 1113 1017 1709 1030 1714 805 856?.?
2021-0926-0100-02.png 180 1118 795 1113 1017 1709 1030 1714 805 856?.?
2021-0926-0110-02.png 180 1118 795 1113 1017 1709 1030 1714 805 8568.0
2021-0926-0120-01.png 180 1118 795 1113 1017 1709 1030 1714 805 8568.1
2021-0926-0130-01.png 180 1118 795 1113 1017 1709 1030 1714 805 8568.?
2021-0926-0140-01.png 180 1118 795 1113 1017 1709 1030 1714 805 8568.?
2021-0926-0150-01.png 180 1118 795 1113 1017 1709 1030 1714 805 8568.2
2021-0926-0200-01.png 180 1118 795 1113 1017 1709 1030 1714 805 8568.?
2021-0926-0210-01.png 180 1118 795 1113 1017 1709 1030 1714 805 8568.3
2021-0926-0220-02.png 180 1118 795 1113 1017 1709 1030 1714 805 8568.?
2021-0926-0230-01.png 180 1118 795 1113 1017 1709 1030 1714 805 8568.4
2021-0926-0240-01.png 180 1118 795 1113 1017 1709 1030 1714 805 8568.?
2021-0926-0250-01.png 180 1118 795 1113 1017 1709 1030 1714 805 8568.5
2021-0926-0300-01.png 180 1118 795 1113 1017 1709 1030 1714 805 8568.?
2021-0926-0310-01.png 180 1118 795 1113 1017 1709 1030 1714 805 8568.6
2021-0926-0320-01.png 180 1118 795 1113 1017 1709 1030 1714 805 8568.?
2021-0926-0330-02.png 180 1118 795 1113 1017 1709 1030 1714 805 8568.7
2021-0926-0340-02.png 180 1118 795 1113 1017 1709 1030 1714 805 8568.?
2021-0926-0350-01.png 180 1118 795 1113 1017 1709 1030 1714 805 8568.?
2021-0926-0400-01.png 180 1118 795 1113 1017 1709 1030 1714 805 8568.8
2021-0926-0410-01.png 180 1118 795 1113 1017 1709 1030 1714 805 8568.?
2021-0926-0420-01.png 180 1118 795 1113 1017 1709 1030 1714 805 8568.9
2021-0926-0430-01.png 180 1118 795 1113 1017 1709 1030 1714 805 856?.?
2021-0926-0440-01.png 180 1118 795 1113 1017 1709 1030 1714 805 8569.0
2021-0926-0450-02.png 180 1118 795 1113 1017 1709 1030 1714 805 8569.?
2021-0926-0500-02.png 180 1118 795 1113 1017 1709 1030 1714 805 8569.1
2021-0926-0510-01.png 180 1118 795 1113 1017 1709 1030 1714 805 8569.1
2021-0926-0520-01.png 180 1118 795 1113 1017 1709 1030 1714 805 8569.?
2021-0926-0530-01.png 180 1118 795 1113 1017 1709 1030 1714 805 8569.2
2021-0926-0540-01.png 180 1118 795 1113 1017 1709 1030 1714 805 8569.?
2021-0926-0550-01.png 180 1118 795 1113 1017 1709 1030 1714 805 8569.3
2021-0926-0600-01.png 180 1118 795 1113 1017 1709 1030 1714 805 8569.?
2021-0926-0610-02.png 180 1118 795 1113 1017 1709 1030 1714 805 8569.4
2021-0926-0620-01.png 180 1118 795 1113 1017 1709 1030 1714 805 8569.?
2021-0926-0630-01.png 180 1118 795 1113 1017 1709 1030 1714 805 8569.5
2021-0926-0640-02.png 180 1118 795 1113 1017 1709 1030 1714 805 8569.?
2021-0926-0650-01.png 180 1118 795 1113 1017 1709 1030 1714 805 8569.6
2021-0926-0700-01.png 180 1118 795 1113 1017 1709 1030 1714 805 8569.?
2021-0926-0710-01.png 180 1118 795 1113 1017 1709 1030 1714 805 8569.7
2021-0926-0720-01.png 180 1118 795 1113 1017 1709 1030 1714 805 8569.?
2021-0926-0730-01.png 180 1118 795 1113 1017 1709 1030 1714 805 8569.8
2021-0926-0740-01.png 180 1118 795 1113 1017 1709 1030 1714 805 8570.0
2021-0926-0750-02.png 180 1118 795 1113 1017 1709 1030 1714 805 8570.?
2021-0926-0800-02.png 180 1118 795 1113 1017 1709 1030 1714 805 8570.1
2021-0926-0810-01.png 180 1118 795 1113 1017 1709 1030 1714 805 8570.2
2021-0926-0820-01.png 180 1118 795 1113 1017 1709 1030 1714 805 8570.?
2021-0926-0830-01.png 180 1118 795 1113 1017 1709 1030 1714 805 8570.3
2021-0926-0840-01.png 180 1118 795 1113 1017 1709 1030 1714 805 8570.?
2021-0926-0850-01.png 180 1118 795 1113 1017 1709 1030 1714 805 8570.?
2021-0926-0900-01.png 180 1118 795 1113 1017 1709 1030 1714 805 ????.?
2021-0926-0910-02.png 180 1118 795 1113 1017 1709 1030 1714 805 ????.?
2021-0926-0920-01.png 180 1118 795 1113 1017 1709 1030 1714 805 ????.?
2021-0926-0930-01.png 180 1118 795 1113 1017 1709 1030 1714 805 ????.?
2021-0926-0940-01.png 180 1118 795 1113 1017 1709 1030 1714 805 ????.?
2021-0926-0950-01.png 180 1118 795 1113 1017 1709 1030 1714 805 8570.?
2021-0926-1000-01.png 180 1118 795 1113 1017 1709 1030 1714 805 8570.9
2021-0926-1010-01.png 180 1118 795 1113 1017 1709 1030 1714 805 857?.0
2021-0926-1020-02.png 180 1118 795 1113 1017 1709 1030 1714 805 8571.?
2021-0926-1030-02.png 180 1118 795 1113 1017 1709 1030 1714 805 8571.?
2021-0926-1040-01.png 180 1118 795 1113 1017 1709 1030 1714 805 8571.2
2021-0926-1050-01.png 180 1118 795 1113 1017 1709 1030 1714 805 8571.?
2021-0926-1100-01.png 180 1118 795 1113 1017 1709 1030 1714 805 8571.?
2021-0926-1110-01.png 180 1118 795 1113 1017 1709 1030 1714 805 8571.4
2021-0926-1120-01.png 180 1118 795 1113 1017 1709 1030 1714 805 8571.?
2021-0926-1130-01.png 180 1118 795 1113 1017 1709 1030 1714 805 8571.?
2021-0926-1140-01.png 180 1118 795 1113 1017 1709 1030 1714 805 8571.6
2021-0926-1150-01.png 180 1118 795 1113 1017 1709 1030 1714 805 8571.?
2021-0926-1200-01.png 180 1118 795 1113 1017 1709 1030 1714 805 8571.?
2021-0926-1210-01.png 180 1118 795 1113 1017 1709 1030 1714 805 8571.8
2021-0926-1220-01.png 180 1118 795 1113 1017 1709 1030 1714 805 8571.?
2021-0926-1230-02.png 180 1118 795 1113 1017 1709 1030 1714 805 ????.?
2021-0926-1240-01.png 180 1118 795 1113 1017 1709 1030 1714 805 8572.?
2021-0926-1250-01.png 180 1118 795 1113 1017 1709 1030 1714 805 8572.?
2021-0926-1300-01.png 180 1118 795 1113 1017 1709 1030 1714 805 8572.?
2021-0926-1310-01.png 180 1118 795 1113 1017 1709 1030 1714 805 8572.?
2021-0926-1320-01.png 180 1118 795 1113 1017 1709 1030 1714 805 ????.?
2021-0926-1330-01.png 180 1118 795 1113 1017 1709 1030 1714 805 8572.?
2021-0926-1340-01.png 180 1118 795 1113 1017 1709 1030 1714 805 8572.?
2021-0926-1350-01.png 180 1118 795 1113 1017 1709 1030 1714 805 8572.?
2021-0926-1400-02.png 180 1118 795 1113 1017 1709 1030 1714 805 8572.?
2021-0926-1410-01.png 180 1118 795 1113 1017 1709 1030 1714 805 8572.?
2021-0926-1420-01.png 180 1118 795 1113 1017 1709 1030 1714 805 8572.?
2021-0926-1430-01.png 180 1118 795 1113 1017 1709 1030 1714 805 857?.?
2021-0926-1440-01.png 180 1118 795 1113 1017 1709 1030 1714 805 ????.?
2021-0926-1450-01.png 180 1118 795 1113 1017 1709 1030 1714 805 ????.?
2021-0926-1500-01.png 180 1118 795 1113 1017 1709 1030 1714 805 ????.?
2021-0926-1510-02.png 180 1118 795 1113 1017 1709 1030 1714 805 857?.?
2021-0926-1520-01.png 180 1118 795 1113 1017 1709 1030 1714 805 8573.?
2021-0926-1530-01.png 180 1118 795 1113 1017 1709 1030 1714 805 8573.?
2021-0926-1540-01.png 180 1118 795 1113 1017 1709 1030 1714 805 857?.?
2021-0926-1550-01.png 180 1118 795 1113 1017 1709 1030 1714 805 8573.?
2021-0926-1600-01.png 180 1118 795 1113 1017 1709 1030 1714 805 ????.?
2021-0926-1610-01.png 180 1118 795 1113 1017 1709 1030 1714 805 ????.?
2021-0926-1620-02.png 180 1118 795 1113 1017 1709 1030 1714 805 ????.?
2021-0926-1630-01.png 180 1118 795 1113 1017 1709 1030 1714 805 ????.?
2021-0926-1640-01.png 180 1118 795 1113 1017 1709 1030 1714 805 ????.?
2021-0926-1650-01.png 180 1130 800 1127 1020 1721 1032 1725 810 8573.?
2021-0926-1700-01.png 180 1130 800 1127 1020 1721 1032 1725 810 ????.?
2021-0926-1710-01.png 180 1130 800 1127 1020 1721 1032 1725 810 ????.?
2021-0926-1720-01.png 180 1130 800 1127 1020 1721 1032 1725 810 8574.?
2021-0926-1730-02.png 180 1130 800 1127 1020 1721 1032 1725 810 8574.?
2021-0926-1740-02.png 180 1130 800 1127 1020 1721 1032 1725 810 ????.?
2021-0926-1750-01.png 180 1130 800 1127 1020 1721 1032 1725 810 ????.?
2021-0926-1800-01.png 180 1130 800 1127 1020 1721 1032 1725 810 ????.?
2021-0926-1810-01.png 180 1130 800 1127 1020 1721 1032 1725 810 ????.?
2021-0926-1820-01.png 180 1130 800 1127 1020 1721 1032 1725 810 ????.?
2021-0926-1830-01.png 180 1130 800 1127 1020 1721 1032 1725 810 ????.?
2021-0926-1840-02.png 180 1130 800 1127 1020 1721 1032 1725 810 ????.?
2021-0926-1850-02.png 180 1130 800 1127 1020 1721 1032 1725 810 ????.?
2021-0926-1900-01.png 180 1130 800 1127 1020 1721 1032 1725 810 ????.?
2021-0926-1910-01.png 180 1130 800 1127 1020 1721 1032 1725 810 ????.?
2021-0926-1920-01.png 180 1130 800 1127 1020 1721 1032 1725 810 ????.?
2021-0926-1930-01.png 180 1130 800 1127 1020 1721 1032 1725 810 ????.?
2021-0926-1940-01.png 180 1130 800 1127 1020 1721 1032 1725 810 ????.?
2021-0926-1950-02.png 180 1130 800 1127 1020 1721 1032 1725 810 ????.?
2021-0926-2000-01.png 180 1130 800 1127 1020 1721 1032 1725 810 ????.?
2021-0926-2010-01.png 180 1130 800 1127 1020 1721 1032 1725 810 ????.?
2021-0926-2020-01.png 180 1130 800 1127 1020 1721 1032 1725 810 ????.?
2021-0926-2030-01.png 180 1130 800 1127 1020 1721 1032 1725 810 ????.?
2021-0926-2040-01.png 180 1130 800 1127 1020 1721 1032 1725 810 ????.?
2021-0926-2050-01.png 180 1130 800 1127 1020 1721 1032 1725 810 ????.?
2021-0926-2100-02.png 180 1130 800 1127 1020 1721 1032 1725 810 ????.?
2021-0926-2110-01.png 180 1130 800 1127 1020 1721 1032 1725 810 ????.?
2021-0926-2120-01.png 180 1130 800 1127 1020 1721 1032 1725 810 ????.?
2021-0926-2130-01.png 180 1130 800 1127 1020 1721 1032 1725 810 ????.?
2021-0926-2140-01.png 180 1130 800 1127 1020 1721 1032 1725 810 8575.?
2021-0926-2150-01.png 180 1130 800 1127 1020 1721 1032 1725 810 8575.?
2021-0926-2200-01.png 180 1130 800 1127 1020 1721 1032 1725 810 8575.?
2021-0926-2210-01.png 180 1130 800 1127 1020 1721 1032 1725 810 8575.?
2021-0926-2220-01.png 180 1130 800 1127 1020 1721 1032 1725 810 8575.?
2021-0926-2230-01.png 180 1130 800 1127 1020 1721 1032 1725 810 8575.?
2021-0926-2240-01.png 180 1130 800 1127 1020 1721 1032 1725 810 8575.?
2021-0926-2250-01.png 180 1130 800 1127 1020 1721 1032 1725 810 8575.?
2021-0926-2300-01.png 180 1130 800 1127 1020 1721 1032 1725 810 8575.?
2021-0926-2310-01.png 180 1130 800 1127 1020 1721 1032 1725 810 8575.?
2021-0926-2320-01.png 180 1130 800 1127 1020 1721 1032 1725 810 8575.?
2021-0926-2330-02.png 180 1130 800 1127 1020 1721 1032 1725 810 857?.?
2021-0926-2340-01.png 180 1130 800 1127 1020 1721 1032 1725 810 8576.?
2021-0926-2350-01.png 180 1130 800 1127 1020 1721 1032 1725 810 8576.?
2021-0927-0000-01.png 180 1130 800 1127 1020 1721 1032 1725 810 8576.?
2021-0927-0010-01.png 180 1130 800 1127 1020 1721 1032 1725 810 8576.?
2021-0927-0020-01.png 180 1130 800 1127 1020 1721 1032 1725 810 8576.?
2021-0927-0030-01.png 180 1130 800 1127 1020 1721 1032 1725 810 8576.?
2021-0927-0040-01.png 180 1130 800 1127 1020 1721 1032 1725 810 8576.?
2021-0927-0050-02.png 180 1130 800 1127 1020 1721 1032 1725 810 8576.?
2021-0927-0100-02.png 180 1130 800 1127 1020 1721 1032 1725 810 8576.?
2021-0927-0110-02.png 180 1130 800 1127 1020 1721 1032 1725 810 8576.?
2021-0927-0120-01.png 180 1130 800 1127 1020 1721 1032 1725 810 8576.?
2021-0927-0130-01.png 180 1130 800 1127 1020 1721 1032 1725 810 8576.?
2021-0927-0140-01.png 180 1130 800 1127 1020 1721 1032 1725 810 8576.?
2021-0927-0150-01.png 180 1130 800 1127 1020 1721 1032 1725 810 8576.?
2021-0927-0200-01.png 180 1130 800 1127 1020 1721 1032 1725 810 8576.?
2021-0927-0210-01.png 180 1130 800 1127 1020 1721 1032 1725 810 8576.?
2021-0927-0220-02.png 180 1130 800 1127 1020 1721 1032 1725 810 8576.?
2021-0927-0230-01.png 180 1130 800 1127 1020 1721 1032 1725 810 8576.?
2021-0927-0240-01.png 180 1130 800 1127 1020 1721 1032 1725 810 8576.?
2021-0927-0250-01.png 180 1130 800 1127 1020 1721 1032 1725 810 8576.?
2021-0927-0300-01.png 180 1130 800 1127 1020 1721 1032 1725 810 8576.?
2021-0927-0310-01.png 180 1130 800 1127 1020 1721 1032 1725 810 8576.?
2021-0927-0320-01.png 180 1130 800 1127 1020 1721 1032 1725 810 8576.?
2021-0927-0330-01.png 180 1130 800 1127 1020 1721 1032 1725 810 8576.?
2021-0927-0340-02.png 180 1130 800 1127 1020 1721 1032 1725 810 857?.?
2021-0927-0350-02.png 180 1130 800 1127 1020 1721 1032 1725 810 8577.?
2021-0927-0400-01.png 180 1130 800 1127 1020 1721 1032 1725 810 8577.?
2021-0927-0410-01.png 180 1130 800 1127 1020 1721 1032 1725 810 8577.?
2021-0927-0420-01.png 180 1130 800 1127 1020 1721 1032 1725 810 8577.?
2021-0927-0430-01.png 180 1130 800 1127 1020 1721 1032 1725 810 8577.?
2021-0927-0440-01.png 180 1130 800 1127 1020 1721 1032 1725 810 8577.?
2021-0927-0450-01.png 180 1130 800 1127 1020 1721 1032 1725 810 8577.?
2021-0927-0500-02.png 180 1130 800 1127 1020 1721 1032 1725 810 8577.?
2021-0927-0510-02.png 180 1130 800 1127 1020 1721 1032 1725 810 8577.?
2021-0927-0520-01.png 180 1130 800 1127 1020 1721 1032 1725 810 8577.?
2021-0927-0530-01.png 180 1130 800 1127 1020 1721 1032 1725 810 8577.?
2021-0927-0540-01.png 180 1130 800 1127 1020 1721 1032 1725 810 8577.?
2021-0927-0550-01.png 180 1130 800 1127 1020 1721 1032 1725 810 8577.?
2021-0927-0600-01.png 180 1130 800 1127 1020 1721 1032 1725 810 8577.?
2021-0927-0610-01.png 180 1130 800 1127 1020 1721 1032 1725 810 8577.?
2021-0927-0620-02.png 180 1130 800 1127 1020 1721 1032 1725 810 8577.?
2021-0927-0630-01.png 180 1130 800 1127 1020 1721 1032 1725 810 8577.?
2021-0927-0640-01.png 180 1130 800 1127 1020 1721 1032 1725 810 8577.?
2021-0927-0650-02.png 180 1130 800 1127 1020 1721 1032 1725 810 8577.?
2021-0927-0700-02.png 180 1130 800 1127 1020 1721 1032 1725 810 8577.?
2021-0927-0710-01.png 180 1130 800 1127 1020 1721 1032 1725 810 8577.?
2021-0927-0720-01.png 180 1130 800 1127 1020 1721 1032 1725 810 8577.?
2021-0927-0730-01.png 180 1130 800 1127 1020 1721 1032 1725 810 ????.?
2021-0927-0740-01.png 180 1130 800 1127 1020 1721 1032 1725 810 ????.?
2021-0927-0750-02.png 180 1130 800 1127 1020 1721 1032 1725 810 ????.?
2021-0927-0800-02.png 180 1130 800 1127 1020 1721 1032 1725 810 ????.?
2021-0927-0810-01.png 180 1130 800 1127 1020 1721 1032 1725 810 ????.?
2021-0927-0820-01.png 180 1130 800 1127 1020 1721 1032 1725 810 8578.?
2021-0927-0830-01.png 180 1130 800 1127 1020 1721 1032 1725 810 ????.?
2021-0927-0840-01.png 180 1130 800 1127 1020 1721 1032 1725 810 ????.?
2021-0927-0850-01.png 180 1130 800 1127 1020 1721 1032 1725 810 ????.?
2021-0927-0900-01.png 180 1130 800 1127 1020 1721 1032 1725 810 ????.?
2021-0927-0910-02.png 180 1130 800 1127 1020 1721 1032 1725 810 ????.?
2021-0927-0920-01.png 180 1130 800 1127 1020 1721 1032 1725 810 ????.?
2021-0927-0930-01.png 180 1130 800 1127 1020 1721 1032 1725 810 ????.?
2021-0927-0940-01.png 180 1130 800 1127 1020 1721 1032 1725 810 ????.?
2021-0927-0950-01.png 180 1130 800 1127 1020 1721 1032 1725 810 ????.?
2021-0927-1000-02.png 180 1130 800 1127 1020 1721 1032 1725 810 ????.?
2021-0927-1010-01.png 180 1130 800 1127 1020 1721 1032 1725 810 ????.?
2021-0927-1020-01.png 180 1130 800 1127 1020 1721 1032 1725 810 ????.?
2021-0927-1030-01.png 180 1130 800 1127 1020 1721 1032 1725 810 ????.?
2021-0927-1040-01.png 180 1130 800 1127 1020 1721 1032 1725 810 ????.?
2021-0927-1050-01.png 180 1130 800 1127 1020 1721 1032 1725 810 ????.?
2021-0927-1100-01.png 180 1130 800 1127 1020 1721 1032 1725 810 ????.?
2021-0927-1110-02.png 180 1130 800 1127 1020 1721 1032 1725 810 8579.?
2021-0927-1120-01.png 180 1130 800 1127 1020 1721 1032 1725 810 8579.?
2021-0927-1130-01.png 180 1130 800 1127 1020 1721 1032 1725 810 8579.?
2021-0927-1140-01.png 180 1130 800 1127 1020 1721 1032 1725 810 8579.?
2021-0927-1150-01.png 180 1130 800 1127 1020 1721 1032 1725 810 8579.?
2021-0927-1200-01.png 180 1130 800 1127 1020 1721 1032 1725 810 ????.?
2021-0927-1210-01.png 180 1130 800 1127 1020 1721 1032 1725 810 8579.?
2021-0927-1220-02.png 180 1130 800 1127 1020 1721 1032 1725 810 8579.?
2021-0927-1230-02.png 180 1130 800 1127 1020 1721 1032 1725 810 ????.?
2021-0927-1240-01.png 180 1130 800 1127 1020 1721 1032 1725 810 ????.?
2021-0927-1250-01.png 180 1130 800 1127 1020 1721 1032 1725 810 ????.?
2021-0927-1300-01.png 180 1130 800 1127 1020 1721 1032 1725 810 ????.?
2021-0927-1310-01.png 180 1130 800 1127 1020 1721 1032 1725 810 85??.?
2021-0927-1320-01.png 180 1130 800 1127 1020 1721 1032 1725 810 8580.?
2021-0927-1330-01.png 180 1130 800 1127 1020 1721 1032 1725 810 ????.?
2021-0927-1340-02.png 180 1156 856 1150 1071 1735 1085 1740 870 8580.?
2021-0927-1350-01.png 180 1156 856 1150 1071 1735 1085 1740 870 8580.?
2021-0927-1400-01.png 180 1156 856 1150 1071 1735 1085 1740 870 8580.?
2021-0927-1410-01.png 180 1156 856 1150 1071 1735 1085 1740 870 8580.?
2021-0927-1420-01.png 180 1156 856 1150 1071 1735 1085 1740 870 8580.?
2021-0927-1430-01.png 180 1156 856 1150 1071 1735 1085 1740 870 8580.?
2021-0927-1440-01.png 180 1156 856 1150 1071 1735 1085 1740 870 8580.?
2021-0927-1450-01.png 180 1156 856 1150 1071 1735 1085 1740 870 8580.?
2021-0927-1500-02.png 180 1156 856 1150 1071 1735 1085 1740 870 ????.?
2021-0927-1510-01.png 180 1156 856 1150 1071 1735 1085 1740 870 ????.?
2021-0927-1520-01.png 180 1156 856 1150 1071 1735 1085 1740 870 ????.?
2021-0927-1530-01.png 180 1156 856 1150 1071 1735 1085 1740 870 ????.?
2021-0927-1540-01.png 180 1156 856 1150 1071 1735 1085 1740 870 ????.?
2021-0927-1550-01.png 180 1156 856 1150 1071 1735 1085 1740 870 ????.?
2021-0927-1600-01.png 180 1156 856 1150 1071 1735 1085 1740 870 ????.?
2021-0927-1610-02.png 180 1156 856 1150 1071 1735 1085 1740 870 ????.?
2021-0927-1620-01.png 180 1156 856 1150 1071 1735 1085 1740 870 ????.?
2021-0927-1630-01.png 180 1156 856 1150 1071 1735 1085 1740 870 8581.?
2021-0927-1640-01.png 180 1156 856 1150 1071 1735 1085 1740 870 ????.?
2021-0927-1650-01.png 180 1156 856 1150 1071 1735 1085 1740 870 ????.?
2021-0927-1700-01.png 180 1156 856 1150 1071 1735 1085 1740 870 ????.?
2021-0927-1710-01.png 180 1156 856 1150 1071 1735 1085 1740 870 ????.?
2021-0927-1720-01.png 180 1156 856 1150 1071 1735 1085 1740 870 ????.?
2021-0927-1730-01.png 180 1156 856 1150 1071 1735 1085 1740 870 ????.?
2021-0927-1740-01.png 180 1156 856 1150 1071 1735 1085 1740 870 ????.?
2021-0927-1750-01.png 180 1156 856 1150 1071 1735 1085 1740 870 ????.?
2021-0927-1800-01.png 180 1156 856 1150 1071 1735 1085 1740 870 ????.?
2021-0927-1810-01.png 180 1156 856 1150 1071 1735 1085 1740 870 ????.?
2021-0927-1820-01.png 180 1156 856 1150 1071 1735 1085 1740 870 ????.?
2021-0927-1830-01.png 180 1156 856 1150 1071 1735 1085 1740 870 ????.?
2021-0927-1840-01.png 180 1156 856 1150 1071 1735 1085 1740 870 ????.?
2021-0927-1850-01.png 180 1156 856 1150 1071 1735 1085 1740 870 ????.?
2021-0927-1900-01.png 180 1156 856 1150 1071 1735 1085 1740 870 ????.?
2021-0927-1910-01.png 180 1156 856 1150 1071 1735 1085 1740 870 ????.?
2021-0927-1920-02.png 180 1156 856 1150 1071 1735 1085 1740 870 ????.?
2021-0927-1930-01.png 180 1156 856 1150 1071 1735 1085 1740 870 ????.?
2021-0927-1940-01.png 180 1156 856 1150 1071 1735 1085 1740 870 ????.?
2021-0927-1950-01.png 180 1156 856 1150 1071 1735 1085 1740 870 ????.?
2021-0927-2000-01.png 180 1156 856 1150 1071 1735 1085 1740 870 ????.?
2021-0927-2010-01.png 180 1156 856 1150 1071 1735 1085 1740 870 ????.?
2021-0927-2020-02.png 180 1156 856 1150 1071 1735 1085 1740 870 ????.?
2021-0927-2030-01.png 180 1156 856 1150 1071 1735 1085 1740 870 ????.?
2021-0927-2040-01.png 180 1156 856 1150 1071 1735 1085 1740 870 8582.?
2021-0927-2050-01.png 180 1156 856 1150 1071 1735 1085 1740 870 ????.?
2021-0927-2100-01.png 180 1156 856 1150 1071 1735 1085 1740 870 ????.?
2021-0927-2110-02.png 180 1156 856 1150 1071 1735 1085 1740 870 ????.?
2021-0927-2120-01.png 180 1156 856 1150 1071 1735 1085 1740 870 ????.?
2021-0927-2130-01.png 180 1156 856 1150 1071 1735 1085 1740 870 ????.?
2021-0927-2140-01.png 180 1156 856 1150 1071 1735 1085 1740 870 ????.?
2021-0927-2150-01.png 180 1156 856 1150 1071 1735 1085 1740 870 ????.?
2021-0927-2200-01.png 180 1156 856 1150 1071 1735 1085 1740 870 ????.?
2021-0927-2210-01.png 180 1156 856 1150 1071 1735 1085 1740 870 ????.?
2021-0927-2250-01.png 180 1156 856 1150 1071 1735 1085 1740 870 8583.?
2021-0927-2300-01.png 180 1156 856 1150 1071 1735 1085 1740 870 8583.?
2021-0927-2310-01.png 180 1156 856 1150 1071 1735 1085 1740 870 8583.?
2021-0927-2320-01.png 180 1156 856 1150 1071 1735 1085 1740 870 8583.?
2021-0927-2330-01.png 180 1156 856 1150 1071 1735 1085 1740 870 8583.?
2021-0927-2340-02.png 180 1156 856 1150 1071 1735 1085 1740 870 8583.?
2021-0927-2350-01.png 180 1156 856 1150 1071 1735 1085 1740 870 8583.?
2021-0928-0000-01.png 180 1156 856 1150 1071 1735 1085 1740 870 8583.?
2021-0928-0010-01.png 180 1156 856 1150 1071 1735 1085 1740 870 8583.?
2021-0928-0020-01.png 180 1156 856 1150 1071 1735 1085 1740 870 8583.?
2021-0928-0030-01.png 180 1156 856 1150 1071 1735 1085 1740 870 8583.?
2021-0928-0040-01.png 180 1156 856 1150 1071 1735 1085 1740 870 8583.?
2021-0928-0050-01.png 180 1156 856 1150 1071 1735 1085 1740 870 8583.?
2021-0928-0100-02.png 180 1156 856 1150 1071 1735 1085 1740 870 858?.?
2021-0928-0110-02.png 180 1156 856 1150 1071 1735 1085 1740 870 858?.?
2021-0928-0120-01.png 180 1156 856 1150 1071 1735 1085 1740 870 8584.?
2021-0928-0130-01.png 180 1156 856 1150 1071 1735 1085 1740 870 8584.?
2021-0928-0140-01.png 180 1156 856 1150 1071 1735 1085 1740 870 8584.?
2021-0928-0150-01.png 180 1156 856 1150 1071 1735 1085 1740 870 8584.?
2021-0928-0200-01.png 180 1156 856 1150 1071 1735 1085 1740 870 8584.?
2021-0928-0210-01.png 180 1156 856 1150 1071 1735 1085 1740 870 8584.?
2021-0928-0220-02.png 180 1156 856 1150 1071 1735 1085 1740 870 8584.?
2021-0928-0230-01.png 180 1156 856 1150 1071 1735 1085 1740 870 8584.?
2021-0928-0240-01.png 180 1156 856 1150 1071 1735 1085 1740 870 8584.?
2021-0928-0250-01.png 180 1156 856 1150 1071 1735 1085 1740 870 8584.?
2021-0928-0300-01.png 180 1156 856 1150 1071 1735 1085 1740 870 8584.?
2021-0928-0310-01.png 180 1156 856 1150 1071 1735 1085 1740 870 8584.?
2021-0928-0320-01.png 180 1156 856 1150 1071 1735 1085 1740 870 8584.?
2021-0928-0330-02.png 180 1156 856 1150 1071 1735 1085 1740 870 8584.?
2021-0928-0340-02.png 180 1156 856 1150 1071 1735 1085 1740 870 8584.?
2021-0928-0350-01.png 180 1156 856 1150 1071 1735 1085 1740 870 858?.?
2021-0928-0400-01.png 180 1156 856 1150 1071 1735 1085 1740 870 8585.?
2021-0928-0410-01.png 180 1156 856 1150 1071 1735 1085 1740 870 8585.?
2021-0928-0420-01.png 180 1156 856 1150 1071 1735 1085 1740 870 8585.?
2021-0928-0430-01.png 180 1156 856 1150 1071 1735 1085 1740 870 8585.?
2021-0928-0440-01.png 180 1156 856 1150 1071 1735 1085 1740 870 8585.?
2021-0928-0450-02.png 180 1156 856 1150 1071 1735 1085 1740 870 8585.?
2021-0928-0500-02.png 180 1156 856 1150 1071 1735 1085 1740 870 8585.?
2021-0928-0510-01.png 180 1156 856 1150 1071 1735 1085 1740 870 8585.?
2021-0928-0520-01.png 180 1156 856 1150 1071 1735 1085 1740 870 8585.?
2021-0928-0530-01.png 180 1156 856 1150 1071 1735 1085 1740 870 8585.?
2021-0928-0540-01.png 180 1156 856 1150 1071 1735 1085 1740 870 8585.?
2021-0928-0550-01.png 180 1156 856 1150 1071 1735 1085 1740 870 8585.?
2021-0928-0600-01.png 180 1156 856 1150 1071 1735 1085 1740 870 8585.?
2021-0928-0610-02.png 180 1156 856 1150 1071 1735 1085 1740 870 8585.?
2021-0928-0620-01.png 180 1156 856 1150 1071 1735 1085 1740 870 8585.?
2021-0928-0630-01.png 180 1156 856 1150 1071 1735 1085 1740 870 8585.?
2021-0928-0640-02.png 180 1156 856 1150 1071 1735 1085 1740 870 8585.?
2021-0928-0650-02.png 180 1156 856 1150 1071 1735 1085 1740 870 8585.?
2021-0928-0700-01.png 180 1156 856 1150 1071 1735 1085 1740 870 8585.?
2021-0928-0710-01.png 180 1156 856 1150 1071 1735 1085 1740 870 8585.?
2021-0928-0720-01.png 180 1156 856 1150 1071 1735 1085 1740 870 8585.?
2021-0928-0730-01.png 180 1156 856 1150 1071 1735 1085 1740 870 858?.?
2021-0928-0740-01.png 180 1156 856 1150 1071 1735 1085 1740 870 8586.?
2021-0928-0750-01.png 180 1156 856 1150 1071 1735 1085 1740 870 8586.?
2021-0928-0800-01.png 180 1156 856 1150 1071 1735 1085 1740 870 8586.?
2021-0928-0810-02.png 180 1156 856 1150 1071 1735 1085 1740 870 8586.?
2021-0928-0820-01.png 180 1156 856 1150 1071 1735 1085 1740 870 8586.?
2021-0928-0830-01.png 180 1156 856 1150 1071 1735 1085 1740 870 8586.?
2021-0928-0840-01.png 180 1156 856 1150 1071 1735 1085 1740 870 8586.?
2021-0928-0850-01.png 180 1156 856 1150 1071 1735 1085 1740 870 8586.?
2021-0928-0900-01.png 180 1156 856 1150 1071 1735 1085 1740 870 8586.?
2021-0928-0910-01.png 180 1156 856 1150 1071 1735 1085 1740 870 8586.?
2021-0928-0920-01.png 180 1156 856 1150 1071 1735 1085 1740 870 8586.?
2021-0928-0930-01.png 180 1156 856 1150 1071 1735 1085 1740 870 8586.?
2021-0928-0940-01.png 180 1156 856 1150 1071 1735 1085 1740 870 8586.?
2021-0928-0950-01.png 180 1156 856 1150 1071 1735 1085 1740 870 8586.?
2021-0928-1000-01.png 180 1156 856 1150 1071 1735 1085 1740 870 8586.?
2021-0928-1010-01.png 180 1156 856 1150 1071 1735 1085 1740 870 8586.?
2021-0928-1020-02.png 180 1156 856 1150 1071 1735 1085 1740 870 8586.?
2021-0928-1030-02.png 180 1156 856 1150 1071 1735 1085 1740 870 8586.?
2021-0928-1040-01.png 180 1156 856 1150 1071 1735 1085 1740 870 8586.?
2021-0928-1050-01.png 180 1156 856 1150 1071 1735 1085 1740 870 8586.?
2021-0928-1100-01.png 180 1156 856 1150 1071 1735 1085 1740 870 8586.?
2021-0928-1110-01.png 180 1156 856 1150 1071 1735 1085 1740 870 8586.?
2021-0928-1120-01.png 180 1156 856 1150 1071 1735 1085 1740 870 ????.?
2021-0928-1130-01.png 180 1156 856 1150 1071 1735 1085 1740 870 ????.?
2021-0928-1140-02.png 180 1156 856 1150 1071 1735 1085 1740 870 858?.?
2021-0928-1150-01.png 180 1156 856 1150 1071 1735 1085 1740 870 858?.?
2021-0928-1200-01.png 180 1156 856 1150 1071 1735 1085 1740 870 ????.?
2021-0928-1210-01.png 180 1156 856 1150 1071 1735 1085 1740 870 8587.?
2021-0928-1220-01.png 180 1156 856 1150 1071 1735 1085 1740 870 8587.?
2021-0928-1230-01.png 180 1156 856 1150 1071 1735 1085 1740 870 8587.?
2021-0928-1240-01.png 180 1156 856 1150 1071 1735 1085 1740 870 8587.?
2021-0928-1250-02.png 180 1156 856 1150 1071 1735 1085 1740 870 8587.?
2021-0928-1300-01.png 180 1156 856 1150 1071 1735 1085 1740 870 8587.?
2021-0928-1310-01.png 180 1156 856 1150 1071 1735 1085 1740 870 8587.?
2021-0928-1320-02.png 180 1156 856 1150 1071 1735 1085 1740 870 8587.?
2021-0928-1330-01.png 180 1156 856 1150 1071 1735 1085 1740 870 8587.?
2021-0928-1340-01.png 180 1156 856 1150 1071 1735 1085 1740 870 8587.?
2021-0928-1350-01.png 180 1156 856 1150 1071 1735 1085 1740 870 8587.?
2021-0928-1400-01.png 180 1156 856 1150 1071 1735 1085 1740 870 8587.?
2021-0928-1410-01.png 180 1156 856 1150 1071 1735 1085 1740 870 8587.?
2021-0928-1420-01.png 180 1156 856 1150 1071 1735 1085 1740 870 8587.?
2021-0928-1430-02.png 180 1156 856 1150 1071 1735 1085 1740 870 ????.?
2021-0928-1440-01.png 180 1156 856 1150 1071 1735 1085 1740 870 ????.?
2021-0928-1450-01.png 180 1156 856 1150 1071 1735 1085 1740 870 ????.?
2021-0928-1500-01.png 180 1156 856 1150 1071 1735 1085 1740 870 ????.?
2021-0928-1510-01.png 180 1156 856 1150 1071 1735 1085 1740 870 ????.?
2021-0928-1520-01.png 180 1156 856 1150 1071 1735 1085 1740 870 ????.?
2021-0928-1530-01.png 180 1156 856 1150 1071 1735 1085 1740 870 ????.?
2021-0928-1540-02.png 180 1156 856 1150 1071 1735 1085 1740 870 8588.?
2021-0928-1550-02.png 180 1156 856 1150 1071 1735 1085 1740 870 8588.?
2021-0928-1600-01.png 180 1156 856 1150 1071 1735 1085 1740 870 8588.?
2021-0928-1610-01.png 180 1156 856 1150 1071 1735 1085 1740 870 8588.?
2021-0928-1620-01.png 180 1156 856 1150 1071 1735 1085 1740 870 8588.?
2021-0928-1630-01.png 180 1156 856 1150 1071 1735 1085 1740 870 ????.?
2021-0928-1640-01.png 180 1156 856 1150 1071 1735 1085 1740 870 ????.?
2021-0928-1650-01.png 180 1156 856 1150 1071 1735 1085 1740 870 ????.?
2021-0928-1700-02.png 180 1156 856 1150 1071 1735 1085 1740 870 ????.?
2021-0928-1710-02.png 180 1156 856 1150 1071 1735 1085 1740 870 ????.?
2021-0928-1720-01.png 180 1156 856 1150 1071 1735 1085 1740 870 ????.?
2021-0928-1730-01.png 180 1156 856 1150 1071 1735 1085 1740 870 ????.?
2021-0928-1740-01.png 180 1156 856 1150 1071 1735 1085 1740 870 ????.?
2021-0928-1750-01.png 180 1156 856 1150 1071 1735 1085 1740 870 ????.?
2021-0928-1800-01.png 180 1156 856 1150 1071 1735 1085 1740 870 ????.?
2021-0928-1810-02.png 180 1156 856 1150 1071 1735 1085 1740 870 ????.?
2021-0928-1820-01.png 180 1156 856 1150 1071 1735 1085 1740 870 ????.?
2021-0928-1830-01.png 180 1156 856 1150 1071 1735 1085 1740 870 ????.?
2021-0928-1840-01.png 180 1156 856 1150 1071 1735 1085 1740 870 ????.?
2021-0928-1850-01.png 180 1156 856 1150 1071 1735 1085 1740 870 ????.?
2021-0928-1900-01.png 180 1156 856 1150 1071 1735 1085 1740 870 ????.?
2021-0928-1910-01.png 180 1156 856 1150 1071 1735 1085 1740 870 ????.?
2021-0928-1920-02.png 180 1156 856 1150 1071 1735 1085 1740 870 ????.?
2021-0928-1930-01.png 180 1156 856 1150 1071 1735 1085 1740 870 ????.?
2021-0928-1940-01.png 180 1156 856 1150 1071 1735 1085 1740 870 ????.?
2021-0928-1950-01.png 180 1156 856 1150 1071 1735 1085 1740 870 ????.?
2021-0928-2000-01.png 180 1156 856 1150 1071 1735 1085 1740 870 8589.?
2021-0928-2010-01.png 180 1156 856 1150 1071 1735 1085 1740 870 ????.?
2021-0928-2020-01.png 180 1156 856 1150 1071 1735 1085 1740 870 ????.?
2021-0928-2030-02.png 180 1156 856 1150 1071 1735 1085 1740 870 ????.?
2021-0928-2040-01.png 180 1156 856 1150 1071 1735 1085 1740 870 85??.?
2021-0928-2050-01.png 180 1156 856 1150 1071 1735 1085 1740 870 ????.?
2021-0928-2100-01.png 180 1156 856 1150 1071 1735 1085 1740 870 ????.?
2021-0928-2110-01.png 180 1156 856 1150 1071 1735 1085 1740 870 ????.?
2021-0928-2120-01.png 180 1156 856 1150 1071 1735 1085 1740 870 ????.?
2021-0928-2130-01.png 180 1156 856 1150 1071 1735 1085 1740 870 ????.?
2021-0928-2140-02.png 180 1156 856 1150 1071 1735 1085 1740 870 ????.?
2021-0928-2150-02.png 180 1156 856 1150 1071 1735 1085 1740 870 ????.?
2021-0928-2200-01.png 180 1156 856 1150 1071 1735 1085 1740 870 ????.?
2021-0928-2210-01.png 180 1156 856 1150 1071 1735 1085 1740 870 ????.?
2021-0928-2220-01.png 180 1156 856 1150 1071 1735 1085 1740 870 ????.?
2021-0928-2230-01.png 180 1156 856 1150 1071 1735 1085 1740 870 ????.?
2021-0928-2240-01.png 180 1156 856 1150 1071 1735 1085 1740 870 ????.?
2021-0928-2250-01.png 180 1156 856 1150 1071 1735 1085 1740 870 ????.?
2021-0928-2300-02.png 180 1156 856 1150 1071 1735 1085 1740 870 ????.?
2021-0928-2310-02.png 180 1156 856 1150 1071 1735 1085 1740 870 ????.?
2021-0928-2320-01.png 180 1156 856 1150 1071 1735 1085 1740 870 ????.?
2021-0928-2330-01.png 180 1156 856 1150 1071 1735 1085 1740 870 ????.?
2021-0928-2340-01.png 180 1156 856 1150 1071 1735 1085 1740 870 8590.?
2021-0928-2350-01.png 180 1156 856 1150 1071 1735 1085 1740 870 8590.?
2021-0929-0000-01.png 180 1156 856 1150 1071 1735 1085 1740 870 8590.?
2021-0929-0010-01.png 180 1156 856 1150 1071 1735 1085 1740 870 8590.?
2021-0929-0020-02.png 180 1156 856 1150 1071 1735 1085 1740 870 8590.?
2021-0929-0030-02.png 180 1156 856 1150 1071 1735 1085 1740 870 8590.?
2021-0929-0040-01.png 180 1156 856 1150 1071 1735 1085 1740 870 859?.?
2021-0929-0050-01.png 180 1156 856 1150 1071 1735 1085 1740 870 8591.?
2021-0929-0100-01.png 180 1156 856 1150 1071 1735 1085 1740 870 8591.?
2021-0929-0110-01.png 180 1156 856 1150 1071 1735 1085 1740 870 8591.?
2021-0929-0120-01.png 180 1156 856 1150 1071 1735 1085 1740 870 8591.?
2021-0929-0130-01.png 180 1156 856 1150 1071 1735 1085 1740 870 8591.?
2021-0929-0140-02.png 180 1156 856 1150 1071 1735 1085 1740 870 8591.?
2021-0929-0150-01.png 180 1156 856 1150 1071 1735 1085 1740 870 8591.?
2021-0929-0200-01.png 180 1156 856 1150 1071 1735 1085 1740 870 8591.?
2021-0929-0210-01.png 180 1156 856 1150 1071 1735 1085 1740 870 8591.?
2021-0929-0220-01.png 180 1156 856 1150 1071 1735 1085 1740 870 8591.?
2021-0929-0230-01.png 180 1156 856 1150 1071 1735 1085 1740 870 8591.?
2021-0929-0240-01.png 180 1156 856 1150 1071 1735 1085 1740 870 8591.?
2021-0929-0250-01.png 180 1156 856 1150 1071 1735 1085 1740 870 8591.?
2021-0929-0300-02.png 180 1156 856 1150 1071 1735 1085 1740 870 8591.?
2021-0929-0310-02.png 180 1156 856 1150 1071 1735 1085 1740 870 8591.?
2021-0929-0320-01.png 180 1156 856 1150 1071 1735 1085 1740 870 8591.?
2021-0929-0330-01.png 180 1156 856 1150 1071 1735 1085 1740 870 859?.?
2021-0929-0340-01.png 180 1156 856 1150 1071 1735 1085 1740 870 ????.?
2021-0929-0350-01.png 180 1156 856 1150 1071 1735 1085 1740 870 8592.?
2021-0929-0400-01.png 180 1156 856 1150 1071 1735 1085 1740 870 8592.?
2021-0929-0410-01.png 180 1156 856 1150 1071 1735 1085 1740 870 8592.?
2021-0929-0420-02.png 180 1156 856 1150 1071 1735 1085 1740 870 8592.?
2021-0929-0430-01.png 180 1156 856 1150 1071 1735 1085 1740 870 8592.?
2021-0929-0440-01.png 180 1156 856 1150 1071 1735 1085 1740 870 8592.?
2021-0929-0450-01.png 180 1156 856 1150 1071 1735 1085 1740 870 8592.?
2021-0929-0500-01.png 180 1156 856 1150 1071 1735 1085 1740 870 8592.?
2021-0929-0510-01.png 180 1156 856 1150 1071 1735 1085 1740 870 8592.?
2021-0929-0520-01.png 180 1156 856 1150 1071 1735 1085 1740 870 8592.?
2021-0929-0530-02.png 180 1156 856 1150 1071 1735 1085 1740 870 8592.?
2021-0929-0540-02.png 180 1156 856 1150 1071 1735 1085 1740 870 859?.?
2021-0929-0550-01.png 180 1156 856 1150 1071 1735 1085 1740 870 8593.?
2021-0929-0600-01.png 180 1156 856 1150 1071 1735 1085 1740 870 8593.?
2021-0929-0610-01.png 180 1156 856 1150 1071 1735 1085 1740 870 8593.?
2021-0929-0620-01.png 180 1156 856 1150 1071 1735 1085 1740 870 8593.?
2021-0929-0630-01.png 180 1156 856 1150 1071 1735 1085 1740 870 8593.?
2021-0929-0640-01.png 180 1156 856 1150 1071 1735 1085 1740 870 8593.?
2021-0929-0650-01.png 180 1156 856 1150 1071 1735 1085 1740 870 8593.?
2021-0929-0700-01.png 180 1156 856 1150 1071 1735 1085 1740 870 8593.?
2021-0929-0710-01.png 180 1156 856 1150 1071 1735 1085 1740 870 8593.?
2021-0929-0720-02.png 180 1156 856 1150 1071 1735 1085 1740 870 8593.?
2021-0929-0730-02.png 180 1156 856 1150 1071 1735 1085 1740 870 8593.?
2021-0929-0740-01.png 180 1156 856 1150 1071 1735 1085 1740 870 8593.?
2021-0929-0750-01.png 180 1156 856 1150 1071 1735 1085 1740 870 ????.?
2021-0929-0800-01.png 180 1156 856 1150 1071 1735 1085 1740 870 ????.?
2021-0929-0810-01.png 180 1156 856 1150 1071 1735 1085 1740 870 ????.?
2021-0929-0820-01.png 180 1156 856 1150 1071 1735 1085 1740 870 ????.?
2021-0929-0830-01.png 180 1156 856 1150 1071 1735 1085 1740 870 ????.?
2021-0929-0840-02.png 180 1156 856 1150 1071 1735 1085 1740 870 ????.?
2021-0929-0850-01.png 180 1156 856 1150 1071 1735 1085 1740 870 ????.?
2021-0929-0900-01.png 180 1156 856 1150 1071 1735 1085 1740 870 8594.?
2021-0929-0910-01.png 180 1156 856 1150 1071 1735 1085 1740 870 8594.?
2021-0929-0920-01.png 180 1156 856 1150 1071 1735 1085 1740 870 8594.?
2021-0929-0930-01.png 180 1156 856 1150 1071 1735 1085 1740 870 8594.?
2021-0929-0940-01.png 180 1156 856 1150 1071 1735 1085 1740 870 8594.?
2021-0929-0950-02.png 180 1156 856 1150 1071 1735 1085 1740 870 8594.?
2021-0929-1000-02.png 180 1156 856 1150 1071 1735 1085 1740 870 859?.?
2021-0929-1010-01.png 180 1156 856 1150 1071 1735 1085 1740 870 ????.?
2021-0929-1020-01.png 180 1156 856 1150 1071 1735 1085 1740 870 ????.?
2021-0929-1030-01.png 180 1156 856 1150 1071 1735 1085 1740 870 ????.?
2021-0929-1040-01.png 180 1156 856 1150 1071 1735 1085 1740 870 ????.?
2021-0929-1050-01.png 180 1156 856 1150 1071 1735 1085 1740 870 ????.?
2021-0929-1100-02.png 180 1156 856 1150 1071 1735 1085 1740 870 ????.?
2021-0929-1110-02.png 180 1156 856 1150 1071 1735 1085 1740 870 8595.?
2021-0929-1120-01.png 180 1156 856 1150 1071 1735 1085 1740 870 ????.?
2021-0929-1130-01.png 180 1156 856 1150 1071 1735 1085 1740 870 ????.?
2021-0929-1140-01.png 180 1156 856 1150 1071 1735 1085 1740 870 ????.?
2021-0929-1150-01.png 180 1156 856 1150 1071 1735 1085 1740 870 ????.?
2021-0929-1200-01.png 180 1156 856 1150 1071 1735 1085 1740 870 ????.?
2021-0929-1210-01.png 180 1156 856 1150 1071 1735 1085 1740 870 ????.?
2021-0929-1220-01.png 180 1156 856 1150 1071 1735 1085 1740 870 ????.?
2021-0929-1230-01.png 180 1156 856 1150 1071 1735 1085 1740 870 ????.?
2021-0929-1240-01.png 180 1156 856 1150 1071 1735 1085 1740 870 ????.?
2021-0929-1250-01.png 180 1156 856 1150 1071 1735 1085 1740 870 ????.?
2021-0929-1300-01.png 180 1156 856 1150 1071 1735 1085 1740 870 ????.?
2021-0929-1310-01.png 180 1156 856 1150 1071 1735 1085 1740 870 ????.?
2021-0929-1320-02.png 180 1156 856 1150 1071 1735 1085 1740 870 ????.?
2021-0929-1330-01.png 180 1156 856 1150 1071 1735 1085 1740 870 ????.?
2021-0929-1340-01.png 180 1156 856 1150 1071 1735 1085 1740 870 ????.?
2021-0929-1350-01.png 180 1156 856 1150 1071 1735 1085 1740 870 ????.?
2021-0929-1400-01.png 180 1156 856 1150 1071 1735 1085 1740 870 ????.?
2021-0929-1410-01.png 180 1156 856 1150 1071 1735 1085 1740 870 ????.?
2021-0929-1420-02.png 180 1156 856 1150 1071 1735 1085 1740 870 ????.?
2021-0929-1430-02.png 180 1156 856 1150 1071 1735 1085 1740 870 ????.?
2021-0929-1440-01.png 180 1156 856 1150 1071 1735 1085 1740 870 ????.?
2021-0929-1450-01.png 180 1156 856 1150 1071 1735 1085 1740 870 ????.?
2021-0929-1500-01.png 180 1156 856 1150 1071 1735 1085 1740 870 ????.?
2021-0929-1510-01.png 180 1156 856 1150 1071 1735 1085 1740 870 ????.?
2021-0929-1520-01.png 180 1156 856 1150 1071 1735 1085 1740 870 ????.?
2021-0929-1530-02.png 180 1156 856 1150 1071 1735 1085 1740 870 ????.?
2021-0929-1540-02.png 180 1156 856 1150 1071 1735 1085 1740 870 ????.?
2021-0929-1550-01.png 180 1156 856 1150 1071 1735 1085 1740 870 ????.?
2021-0929-1600-01.png 180 1156 856 1150 1071 1735 1085 1740 870 8597.?
2021-0929-1610-01.png 180 1156 856 1150 1071 1735 1085 1740 870 ????.?
2021-0929-1620-01.png 180 1156 856 1150 1071 1735 1085 1740 870 ????.?
2021-0929-1630-01.png 180 1156 856 1150 1071 1735 1085 1740 870 ????.?
2021-0929-1640-02.png 180 1156 856 1150 1071 1735 1085 1740 870 ????.?
2021-0929-1650-02.png 180 1156 856 1150 1071 1735 1085 1740 870 ????.?
2021-0929-1700-01.png 180 1156 856 1150 1071 1735 1085 1740 870 ????.?
2021-0929-1710-01.png 180 1156 856 1150 1071 1735 1085 1740 870 ????.?
2021-0929-1720-01.png 180 1156 856 1150 1071 1735 1085 1740 870 ????.?
2021-0929-1730-01.png 180 1156 856 1150 1071 1735 1085 1740 870 ????.?
2021-0929-1740-01.png 180 1156 856 1150 1071 1735 1085 1740 870 ????.?
2021-0929-1750-01.png 180 1156 856 1150 1071 1735 1085 1740 870 ????.?
2021-0929-1800-02.png 180 1156 856 1150 1071 1735 1085 1740 870 ????.?
2021-0929-1810-01.png 180 1156 856 1150 1071 1735 1085 1740 870 ????.?
2021-0929-1820-01.png 180 1156 856 1150 1071 1735 1085 1740 870 ????.?
2021-0929-1830-01.png 180 1156 856 1150 1071 1735 1085 1740 870 ????.?
2021-0929-1840-01.png 180 1156 856 1150 1071 1735 1085 1740 870 ????.?
2021-0929-1850-01.png 180 1156 856 1150 1071 1735 1085 1740 870 ????.?
2021-0929-1900-02.png 180 1156 856 1150 1071 1735 1085 1740 870 ????.?
2021-0929-1910-02.png 180 1156 856 1150 1071 1735 1085 1740 870 ????.?
2021-0929-1920-01.png 180 1156 856 1150 1071 1735 1085 1740 870 ????.?
2021-0929-1930-01.png 180 1156 856 1150 1071 1735 1085 1740 870 ????.?
2021-0929-1940-01.png 180 1156 856 1150 1071 1735 1085 1740 870 ????.?
2021-0929-1950-01.png 180 1156 856 1150 1071 1735 1085 1740 870 ????.?
2021-0929-2000-01.png 180 1156 856 1150 1071 1735 1085 1740 870 ????.?
2021-0929-2010-02.png 180 1156 856 1150 1071 1735 1085 1740 870 ????.?
2021-0929-2020-01.png 180 1156 856 1150 1071 1735 1085 1740 870 ????.?
2021-0929-2030-01.png 180 1156 856 1150 1071 1735 1085 1740 870 ????.?
2021-0929-2040-01.png 180 1156 856 1150 1071 1735 1085 1740 870 ????.?
2021-0929-2050-01.png 180 1156 856 1150 1071 1735 1085 1740 870 ????.?
2021-0929-2100-01.png 180 1156 856 1150 1071 1735 1085 1740 870 ????.?
2021-0929-2110-01.png 180 1156 856 1150 1071 1735 1085 1740 870 ????.?
2021-0929-2120-02.png 180 1156 856 1150 1071 1735 1085 1740 870 ????.?
2021-0929-2130-01.png 180 1156 856 1150 1071 1735 1085 1740 870 ????.?
2021-0929-2140-01.png 180 1156 856 1150 1071 1735 1085 1740 870 8600.?
2021-0929-2150-01.png 180 1156 856 1150 1071 1735 1085 1740 870 8600.?
2021-0929-2200-01.png 180 1156 856 1150 1071 1735 1085 1740 870 8600.?
2021-0929-2210-01.png 180 1156 856 1150 1071 1735 1085 1740 870 8600.?
2021-0929-2220-01.png 180 1156 856 1150 1071 1735 1085 1740 870 8600.?
2021-0929-2230-02.png 180 1156 856 1150 1071 1735 1085 1740 870 8600.?
2021-0929-2240-01.png 180 1156 856 1150 1071 1735 1085 1740 870 8600.?
2021-0929-2250-01.png 180 1156 856 1150 1071 1735 1085 1740 870 8600.?
2021-0929-2300-01.png 180 1156 856 1150 1071 1735 1085 1740 870 8600.?
2021-0929-2310-01.png 180 1156 856 1150 1071 1735 1085 1740 870 8600.?
2021-0929-2320-01.png 180 1156 856 1150 1071 1735 1085 1740 870 8600.?
2021-0929-2330-01.png 180 1156 856 1150 1071 1735 1085 1740 870 8600.?
2021-0929-2340-02.png 180 1156 856 1150 1071 1735 1085 1740 870 860?.?
2021-0929-2350-02.png 180 1156 856 1150 1071 1735 1085 1740 870 8601.?
2021-0930-0000-01.png 180 1156 856 1150 1071 1735 1085 1740 870 8601.?
2021-0930-0010-01.png 180 1156 856 1150 1071 1735 1085 1740 870 8601.?
2021-0930-0020-01.png 180 1156 856 1150 1071 1735 1085 1740 870 8601.?
2021-0930-0030-01.png 180 1156 856 1150 1071 1735 1085 1740 870 8601.?
2021-0930-0040-01.png 180 1156 856 1150 1071 1735 1085 1740 870 8601.?
2021-0930-0050-01.png 180 1156 856 1150 1071 1735 1085 1740 870 8601.?
2021-0930-0100-01.png 180 1156 856 1150 1071 1735 1085 1740 870 8601.?
2021-0930-0110-02.png 180 1156 856 1150 1071 1735 1085 1740 870 8601.?
2021-0930-0120-01.png 180 1156 856 1150 1071 1735 1085 1740 870 8601.?
2021-0930-0130-01.png 180 1156 856 1150 1071 1735 1085 1740 870 8601.?
2021-0930-0140-01.png 180 1156 856 1150 1071 1735 1085 1740 870 8601.?
2021-0930-0150-01.png 180 1156 856 1150 1071 1735 1085 1740 870 860?.?
2021-0930-0200-01.png 180 1156 856 1150 1071 1735 1085 1740 870 8602.?
2021-0930-0210-01.png 180 1156 856 1150 1071 1735 1085 1740 870 8602.?
2021-0930-0220-02.png 180 1156 856 1150 1071 1735 1085 1740 870 8602.?
2021-0930-0230-01.png 180 1156 856 1150 1071 1735 1085 1740 870 8602.?
2021-0930-0240-01.png 180 1156 856 1150 1071 1735 1085 1740 870 8602.?
2021-0930-0250-01.png 180 1156 856 1150 1071 1735 1085 1740 870 8602.?
2021-0930-0300-01.png 180 1156 856 1150 1071 1735 1085 1740 870 8602.?
2021-0930-0310-01.png 180 1156 856 1150 1071 1735 1085 1740 870 8602.?
2021-0930-0320-01.png 180 1156 856 1150 1071 1735 1085 1740 870 8602.?
2021-0930-0330-02.png 180 1156 856 1150 1071 1735 1085 1740 870 8602.?
2021-0930-0340-02.png 180 1156 856 1150 1071 1735 1085 1740 870 8602.?
2021-0930-0350-01.png 180 1156 856 1150 1071 1735 1085 1740 870 8602.?
2021-0930-0400-01.png 180 1156 856 1150 1071 1735 1085 1740 870 8602.?
2021-0930-0410-01.png 180 1156 856 1150 1071 1735 1085 1740 870 8602.?
2021-0930-0420-01.png 180 1156 856 1150 1071 1735 1085 1740 870 8602.?
2021-0930-0430-01.png 180 1156 856 1150 1071 1735 1085 1740 870 8602.?
2021-0930-0440-02.png 180 1156 856 1150 1071 1735 1085 1740 870 860?.?
2021-0930-0450-02.png 180 1156 856 1150 1071 1735 1085 1740 870 8603.?
2021-0930-0500-01.png 180 1156 856 1150 1071 1735 1085 1740 870 8603.?
2021-0930-0510-01.png 180 1156 856 1150 1071 1735 1085 1740 870 8603.?
2021-0930-0520-01.png 180 1156 856 1150 1071 1735 1085 1740 870 8603.?
2021-0930-0530-01.png 180 1156 856 1150 1071 1735 1085 1740 870 8603.?
2021-0930-0540-01.png 180 1156 856 1150 1071 1735 1085 1740 870 8603.?
2021-0930-0550-01.png 180 1156 856 1150 1071 1735 1085 1740 870 8603.?
2021-0930-0600-01.png 180 1156 856 1150 1071 1735 1085 1740 870 8603.?
2021-0930-0610-02.png 180 1156 856 1150 1071 1735 1085 1740 870 8603.?
2021-0930-0620-01.png 180 1156 856 1150 1071 1735 1085 1740 870 8603.?
2021-0930-0630-02.png 180 1156 856 1150 1071 1735 1085 1740 870 8603.?
2021-0930-0640-02.png 180 1156 856 1150 1071 1735 1085 1740 870 8603.?
2021-0930-0650-01.png 180 1156 856 1150 1071 1735 1085 1740 870 8603.?
2021-0930-0700-01.png 180 1156 856 1150 1071 1735 1085 1740 870 8603.?
2021-0930-0710-01.png 180 1156 856 1150 1071 1735 1085 1740 870 8603.?
2021-0930-0720-01.png 180 1156 856 1150 1071 1735 1085 1740 870 8603.?
2021-0930-0730-01.png 180 1156 856 1150 1071 1735 1085 1740 870 8603.?
2021-0930-0740-01.png 180 1156 856 1150 1071 1735 1085 1740 870 860?.?
2021-0930-0750-02.png 180 1156 856 1150 1071 1735 1085 1740 870 8604.?
2021-0930-0800-02.png 180 1156 856 1150 1071 1735 1085 1740 870 8604.?
2021-0930-0810-01.png 180 1156 856 1150 1071 1735 1085 1740 870 8604.?
2021-0930-0820-01.png 180 1156 856 1150 1071 1735 1085 1740 870 8604.?
2021-0930-0830-01.png 180 1156 856 1150 1071 1735 1085 1740 870 8604.?
2021-0930-0840-01.png 180 1156 856 1150 1071 1735 1085 1740 870 8604.?
2021-0930-0850-01.png 180 1156 856 1150 1071 1735 1085 1740 870 8604.?
2021-0930-0900-01.png 180 1156 856 1150 1071 1735 1085 1740 870 8604.?
2021-0930-0910-01.png 180 1156 856 1150 1071 1735 1085 1740 870 8604.?
2021-0930-0920-01.png 180 1156 856 1150 1071 1735 1085 1740 870 8604.?
2021-0930-0930-01.png 180 1156 856 1150 1071 1735 1085 1740 870 8604.?
2021-0930-0940-01.png 180 1156 856 1150 1071 1735 1085 1740 870 8604.?
2021-0930-0950-01.png 180 1156 856 1150 1071 1735 1085 1740 870 8604.?
2021-0930-1000-01.png 180 1156 856 1150 1071 1735 1085 1740 870 8604.?
2021-0930-1010-01.png 180 1156 856 1150 1071 1735 1085 1740 870 8604.?
2021-0930-1020-02.png 180 1156 856 1150 1071 1735 1085 1740 870 8604.?
2021-0930-1030-01.png 180 1156 856 1150 1071 1735 1085 1740 870 8604.?
2021-0930-1040-01.png 180 1156 856 1150 1071 1735 1085 1740 870 8604.?
2021-0930-1050-01.png 180 1156 856 1150 1071 1735 1085 1740 870 8604.?
2021-0930-1100-01.png 180 1156 856 1150 1071 1735 1085 1740 870 860?.?
2021-0930-1110-01.png 180 1156 856 1150 1071 1735 1085 1740 870 ????.?
2021-0930-1120-01.png 180 1156 856 1150 1071 1735 1085 1740 870 ????.?
2021-0930-1130-02.png 180 1156 856 1150 1071 1735 1085 1740 870 ????.?
2021-0930-1140-02.png 180 1156 856 1150 1071 1735 1085 1740 870 8605.?
2021-0930-1150-01.png 180 1156 856 1150 1071 1735 1085 1740 870 8605.?
2021-0930-1200-01.png 180 1156 856 1150 1071 1735 1085 1740 870 8605.?
2021-0930-1210-01.png 180 1156 856 1150 1071 1735 1085 1740 870 8605.?
2021-0930-1220-01.png 180 1156 856 1150 1071 1735 1085 1740 870 8605.?
2021-0930-1230-01.png 180 1156 856 1150 1071 1735 1085 1740 870 8605.?
2021-0930-1240-01.png 180 1156 856 1150 1071 1735 1085 1740 870 8605.?
2021-0930-1250-01.png 180 1156 856 1150 1071 1735 1085 1740 870 8605.?
2021-0930-1300-02.png 180 1156 856 1150 1071 1735 1085 1740 870 8605.?
2021-0930-1310-01.png 180 1156 856 1150 1071 1735 1085 1740 870 8605.?
2021-0930-1320-01.png 180 1156 856 1150 1071 1735 1085 1740 870 ????.?
2021-0930-1330-01.png 180 1156 856 1150 1071 1735 1085 1740 870 8606.?
2021-0930-1340-01.png 180 1156 856 1150 1071 1735 1085 1740 870 8606.?
2021-0930-1350-01.png 180 1156 856 1150 1071 1735 1085 1740 870 8606.?
2021-0930-1400-01.png 180 1156 856 1150 1071 1735 1085 1740 870 8606.?
2021-0930-1410-01.png 180 1156 856 1150 1071 1735 1085 1740 870 8606.?
2021-0930-1420-02.png 180 1156 856 1150 1071 1735 1085 1740 870 8606.?
2021-0930-1430-01.png 180 1156 856 1150 1071 1735 1085 1740 870 ????.?
2021-0930-1440-01.png 180 1156 856 1150 1071 1735 1085 1740 870 ????.?
2021-0930-1450-01.png 180 1156 856 1150 1071 1735 1085 1740 870 ????.?
2021-0930-1500-01.png 180 1156 856 1150 1071 1735 1085 1740 870 ????.?
2021-0930-1510-01.png 180 1156 856 1150 1071 1735 1085 1740 870 ????.?
2021-0930-1520-02.png 180 1156 856 1150 1071 1735 1085 1740 870 ????.?
2021-0930-1530-02.png 180 1156 856 1150 1071 1735 1085 1740 870 ????.?
2021-0930-1540-01.png 180 1156 856 1150 1071 1735 1085 1740 870 ????.?
2021-0930-1550-01.png 180 1156 856 1150 1071 1735 1085 1740 870 ????.?
2021-0930-1600-01.png 180 1156 856 1150 1071 1735 1085 1740 870 ????.?
2021-0930-1610-01.png 180 1156 856 1150 1071 1735 1085 1740 870 ????.?
2021-0930-1620-01.png 180 1156 856 1150 1071 1735 1085 1740 870 ????.?
2021-0930-1630-01.png 180 1156 856 1150 1071 1735 1085 1740 870 ????.?
2021-0930-1640-02.png 180 1156 856 1150 1071 1735 1085 1740 870 8607.?
2021-0930-1650-01.png 180 1156 856 1150 1071 1735 1085 1740 870 ????.?
2021-0930-1700-01.png 180 1156 856 1150 1071 1735 1085 1740 870 ????.?
2021-0930-1710-01.png 180 1156 856 1150 1071 1735 1085 1740 870 ????.?
2021-0930-1720-01.png 180 1156 856 1150 1071 1735 1085 1740 870 ????.?
2021-0930-1730-01.png 180 1156 856 1150 1071 1735 1085 1740 870 ????.?
2021-0930-1740-01.png 180 1156 856 1150 1071 1735 1085 1740 870 ????.?
2021-0930-1750-02.png 180 1156 856 1150 1071 1735 1085 1740 870 ????.?
2021-0930-1800-01.png 180 1156 856 1150 1071 1735 1085 1740 870 ????.?
2021-0930-1810-01.png 180 1156 856 1150 1071 1735 1085 1740 870 ????.?
2021-0930-1820-01.png 180 1156 856 1150 1071 1735 1085 1740 870 ????.?
2021-0930-1830-01.png 180 1156 856 1150 1071 1735 1085 1740 870 ????.?
2021-0930-1840-01.png 180 1156 856 1150 1071 1735 1085 1740 870 ????.?
2021-0930-1850-01.png 180 1156 856 1150 1071 1735 1085 1740 870 ????.?
2021-0930-1900-02.png 180 1156 856 1150 1071 1735 1085 1740 870 ????.?
2021-0930-1910-01.png 180 1156 856 1150 1071 1735 1085 1740 870 ????.?
2021-0930-1920-01.png 180 1156 856 1150 1071 1735 1085 1740 870 ????.?
2021-0930-1930-01.png 180 1156 856 1150 1071 1735 1085 1740 870 ????.?
2021-0930-1940-01.png 180 1156 856 1150 1071 1735 1085 1740 870 ????.?
2021-0930-1950-01.png 180 1156 856 1150 1071 1735 1085 1740 870 ????.?
2021-0930-2000-01.png 180 1156 856 1150 1071 1735 1085 1740 870 ????.?
2021-0930-2010-02.png 180 1156 856 1150 1071 1735 1085 1740 870 ????.?
2021-0930-2020-01.png 180 1156 856 1150 1071 1735 1085 1740 870 ????.?
2021-0930-2030-01.png 180 1156 856 1150 1071 1735 1085 1740 870 ????.?
2021-0930-2040-01.png 180 1156 856 1150 1071 1735 1085 1740 870 ????.?
2021-0930-2050-01.png 180 1156 856 1150 1071 1735 1085 1740 870 ????.?
2021-0930-2100-01.png 180 1156 856 1150 1071 1735 1085 1740 870 ????.?
2021-0930-2110-01.png 180 1156 856 1150 1071 1735 1085 1740 870 ????.?
2021-0930-2120-01.png 180 1156 856 1150 1071 1735 1085 1740 870 ????.?
2021-0930-2130-01.png 180 1156 856 1150 1071 1735 1085 1740 870 8608.?
2021-0930-2140-01.png 180 1156 856 1150 1071 1735 1085 1740 870 8608.?
2021-0930-2150-01.png 180 1156 856 1150 1071 1735 1085 1740 870 8608.?
2021-0930-2200-01.png 180 1156 856 1150 1071 1735 1085 1740 870 8608.?
2021-0930-2210-01.png 180 1156 856 1150 1071 1735 1085 1740 870 8608.?
2021-0930-2220-01.png 180 1156 856 1150 1071 1735 1085 1740 870 8608.?
2021-0930-2230-02.png 180 1156 856 1150 1071 1735 1085 1740 870 8608.?
2021-0930-2240-01.png 180 1156 856 1150 1071 1735 1085 1740 870 8608.?
2021-0930-2250-01.png 180 1156 856 1150 1071 1735 1085 1740 870 8608.?
2021-0930-2300-01.png 180 1156 856 1150 1071 1735 1085 1740 870 8608.?
2021-0930-2310-01.png 180 1156 856 1150 1071 1735 1085 1740 870 860?.?
2021-0930-2320-01.png 180 1156 856 1150 1071 1735 1085 1740 870 860?.?
2021-0930-2330-01.png 180 1156 856 1150 1071 1735 1085 1740 870 8609.?
2021-0930-2340-01.png 180 1156 856 1150 1071 1735 1085 1740 870 8609.?
2021-0930-2350-02.png 180 1156 856 1150 1071 1735 1085 1740 870 8609.?
2021-1001-0000-02.png 180 1156 856 1150 1071 1735 1085 1740 870 8609.?
2021-1001-0010-01.png 180 1156 856 1150 1071 1735 1085 1740 870 8609.?
2021-1001-0020-01.png 180 1156 856 1150 1071 1735 1085 1740 870 8609.?
2021-1001-0030-01.png 180 1156 856 1150 1071 1735 1085 1740 870 8609.?
2021-1001-0040-01.png 180 1156 856 1150 1071 1735 1085 1740 870 8609.?
2021-1001-0050-01.png 180 1156 856 1150 1071 1735 1085 1740 870 8609.?
2021-1001-0100-01.png 180 1156 856 1150 1071 1735 1085 1740 870 8609.?
2021-1001-0110-02.png 180 1156 856 1150 1071 1735 1085 1740 870 8609.?
2021-1001-0120-01.png 180 1156 856 1150 1071 1735 1085 1740 870 8609.?
2021-1001-0130-01.png 180 1156 856 1150 1071 1735 1085 1740 870 8609.?
2021-1001-0140-01.png 180 1156 856 1150 1071 1735 1085 1740 870 8609.?
2021-1001-0150-01.png 180 1156 856 1150 1071 1735 1085 1740 870 8609.?
2021-1001-0200-01.png 180 1156 856 1150 1071 1735 1085 1740 870 8609.?
2021-1001-0210-01.png 180 1156 856 1150 1071 1735 1085 1740 870 86??.?
2021-1001-0220-02.png 180 1156 856 1150 1071 1735 1085 1740 870 8610.?
2021-1001-0230-02.png 180 1156 856 1150 1071 1735 1085 1740 870 8610.?
2021-1001-0240-01.png 180 1156 856 1150 1071 1735 1085 1740 870 8610.?
2021-1001-0250-01.png 180 1156 856 1150 1071 1735 1085 1740 870 8610.?
2021-1001-0300-01.png 180 1156 856 1150 1071 1735 1085 1740 870 8610.?
2021-1001-0310-01.png 180 1156 856 1150 1071 1735 1085 1740 870 8610.?
2021-1001-0320-01.png 180 1156 856 1150 1071 1735 1085 1740 870 8610.?
2021-1001-0330-01.png 180 1156 856 1150 1071 1735 1085 1740 870 8610.?
2021-1001-0340-02.png 180 1156 856 1150 1071 1735 1085 1740 870 8610.?
2021-1001-0350-02.png 180 1156 856 1150 1071 1735 1085 1740 870 8610.?
2021-1001-0400-01.png 180 1156 856 1150 1071 1735 1085 1740 870 8610.?
2021-1001-0410-01.png 180 1156 856 1150 1071 1735 1085 1740 870 861?.?
2021-1001-0420-01.png 180 1156 856 1150 1071 1735 1085 1740 870 8611.?
2021-1001-0430-01.png 180 1156 856 1150 1071 1735 1085 1740 870 8611.?
2021-1001-0440-01.png 180 1156 856 1150 1071 1735 1085 1740 870 8611.?
2021-1001-0450-01.png 180 1156 856 1150 1071 1735 1085 1740 870 8611.?
2021-1001-0500-02.png 180 1156 856 1150 1071 1735 1085 1740 870 8611.?
2021-1001-0510-02.png 180 1156 856 1150 1071 1735 1085 1740 870 8611.?
2021-1001-0520-01.png 180 1156 856 1150 1071 1735 1085 1740 870 8611.?
2021-1001-0530-01.png 180 1156 856 1150 1071 1735 1085 1740 870 8611.?
2021-1001-0540-01.png 180 1156 856 1150 1071 1735 1085 1740 870 8611.?
2021-1001-0550-01.png 180 1156 856 1150 1071 1735 1085 1740 870 8611.?
2021-1001-0600-01.png 180 1156 856 1150 1071 1735 1085 1740 870 861?.?
2021-1001-0610-01.png 180 1156 856 1150 1071 1735 1085 1740 870 8612.?
2021-1001-0620-02.png 180 1156 856 1150 1071 1735 1085 1740 870 8612.?
2021-1001-0630-01.png 180 1156 856 1150 1071 1735 1085 1740 870 8612.?
2021-1001-0640-01.png 180 1156 856 1150 1071 1735 1085 1740 870 8612.?
2021-1001-0650-02.png 180 1156 856 1150 1071 1735 1085 1740 870 8612.?
2021-1001-0700-01.png 180 1156 856 1150 1071 1735 1085 1740 870 8612.?
2021-1001-0710-01.png 180 1156 856 1150 1071 1735 1085 1740 870 8612.?
2021-1001-0720-01.png 180 1156 856 1150 1071 1735 1085 1740 870 8612.?
2021-1001-1240-02.png 180 1156 856 1150 1071 1735 1085 1740 870 8614.?
